Path: [1, 2, 4]
[(101, 1, 1), (101, 3, 1), (101, 2, 2), (101, 5, 2), (101, 4, 3), (101, 6, 3)]
[(707, 1, 1), (1313, 3, 1), (202, 2, 2), (202, 5, 2), (1822, 4, 3), (202, 6, 3)]
{(1, 0): 116.06932825411383, (1, 1): 75.5268329614147, (2, 0): 116.06932848273529, (2, 1): 75.52683310051495, (4, 0): 116.06932880582923, (4, 1): 75.5268338672176}
{1: [1, 3], 2: [2, 5], 4: [4, 6]}
[[[101, 202, 303, 404, 505, 606, 707], (array([25.39, 73.85]), array([ 6.22, 51.56])), -28.434395882805877], [[101, 2121, 2020, 1919, 1818, 1717, 1616, 1515, 1414, 1313, 1212, 1111, 1010, 909, 808, 707, 606, 505, 404, 303, 202], (array([49.62, 89.63]), array([49.62, 89.63])), 3.194524795491172], [[101, 202, 314, 1515, 303, 404, 505, 606, 707, 808, 909, 1010, 1111, 1212, 1313], (array([178.74,  83.99]), array([187.9 ,  48.54])), -34.68200959316249], [[101, 202, 303, 404, 505, 606, 707, 808, 909, 1010, 1111, 1212, 1313, 1414, 1515, 1616, 1721, 1717, 1818, 1919, 2020, 1822], (array([180.57, 106.33]), array([216.16, 104.08])), -32.900107025550675], [[101, 1818, 1717, 1616, 1515, 1414, 1313, 1212, 1111, 1010, 909, 808, 707, 606, 505, 404, 303, 202], (array([158.72, 138.26]), array([158.72, 138.26])), 2.2228159771502707], [[101, 303, 404, 505, 606, 707, 808, 909, 1010, 1111, 1222, 1212, 1323, 1313, 1414, 1515, 1616, 1717, 1818, 1919, 2121, 320, 202], (array([200.66, 130.58]), array([200.66, 130.58])), 2.4919495222569856]]
[(101, 202, 1), (202, 303, 1), (303, 404, 1), (404, 505, 1), (505, 606, 1), (606, 707, 1), (101, 2121, 2), (2121, 2020, 2), (2020, 1919, 2), (1919, 1818, 2), (1818, 1717, 2), (1717, 1616, 2), (1616, 1515, 2), (1515, 1414, 2), (1414, 1313, 2), (1313, 1212, 2), (1212, 1111, 2), (1111, 1010, 2), (1010, 909, 2), (909, 808, 2), (808, 707, 2), (707, 606, 2), (606, 505, 2), (505, 404, 2), (404, 303, 2), (303, 202, 2), (101, 202, 3), (202, 314, 3), (314, 1515, 3), (1515, 303, 3), (303, 404, 3), (404, 505, 3), (505, 606, 3), (606, 707, 3), (707, 808, 3), (808, 909, 3), (909, 1010, 3), (1010, 1111, 3), (1111, 1212, 3), (1212, 1313, 3), (101, 202, 4), (202, 303, 4), (303, 404, 4), (404, 505, 4), (505, 606, 4), (606, 707, 4), (707, 808, 4), (808, 909, 4), (909, 1010, 4), (1010, 1111, 4), (1111, 1212, 4), (1212, 1313, 4), (1313, 1414, 4), (1414, 1515, 4), (1515, 1616, 4), (1616, 1721, 4), (1721, 1717, 4), (1717, 1818, 4), (1818, 1919, 4), (1919, 2020, 4), (2020, 1822, 4), (101, 1818, 5), (1818, 1717, 5), (1717, 1616, 5), (1616, 1515, 5), (1515, 1414, 5), (1414, 1313, 5), (1313, 1212, 5), (1212, 1111, 5), (1111, 1010, 5), (1010, 909, 5), (909, 808, 5), (808, 707, 5), (707, 606, 5), (606, 505, 5), (505, 404, 5), (404, 303, 5), (303, 202, 5), (101, 303, 6), (303, 404, 6), (404, 505, 6), (505, 606, 6), (606, 707, 6), (707, 808, 6), (808, 909, 6), (909, 1010, 6), (1010, 1111, 6), (1111, 1222, 6), (1222, 1212, 6), (1212, 1323, 6), (1323, 1313, 6), (1313, 1414, 6), (1414, 1515, 6), (1515, 1616, 6), (1616, 1717, 6), (1717, 1818, 6), (1818, 1919, 6), (1919, 2121, 6), (2121, 320, 6), (320, 202, 6)]
[1, 2, 4]
{1, 2, 3}
[[1, 3], [2, 5], [4, 6]]
[1, 5, 9]
[[1, 2], [5, 6], [9, 10]]
[[3, 4], [7, 8], [11, 12]]
Changed value of parameter Threads to 6
   Prev: 0  Min: 0  Max: 1024  Default: 0
Changed value of parameter TimeLimit to 14400.0
   Prev: inf  Min: 0.0  Max: inf  Default: inf
Gurobi Optimizer version 9.1.2 build v9.1.2rc0 (win64)
Thread count: 8 physical cores, 16 logical processors, using up to 6 threads
Optimize a model with 40378 rows, 24198 columns and 158619 nonzeros
Model fingerprint: 0xcc5de28b
Model has 4542 quadratic constraints
Variable types: 19368 continuous, 4830 integer (4818 binary)
Coefficient statistics:
  Matrix range     [1e-04, 1e+05]
  QMatrix range    [1e+00, 1e+00]
  QLMatrix range   [1e+00, 1e+00]
  Objective range  [3e-02, 3e-02]
  Bounds range     [1e+00, 2e+00]
  RHS range        [2e-02, 1e+05]

User MIP start produced solution with objective 0.419536 (2.68s)
Loaded user MIP start with objective 0.419536
Processed MIP start in 2.68 seconds

Presolve removed 8051 rows and 1790 columns
Presolve time: 1.31s
Presolved: 33017 rows, 22636 columns, 166913 nonzeros
Presolved model has 4536 quadratic constraint(s)
Variable types: 18094 continuous, 4542 integer (4534 binary)

Deterministic concurrent LP optimizer: primal and dual simplex
Showing first log only...

Concurrent spin time: 0.04s

Solved with primal simplex

Root relaxation: objective 5.518550e-02, 3582 iterations, 0.28 seconds
Total elapsed time = 5.17s

    Nodes    |    Current Node    |     Objective Bounds      |     Work
 Expl Unexpl |  Obj  Depth IntInf | Incumbent    BestBd   Gap | It/Node Time

     0     0    0.05519    0   96    0.41954    0.05519  86.8%     -    6s
     0     0    0.05519    0  350    0.41954    0.05519  86.8%     -    7s
     0     0    0.05519    0  466    0.41954    0.05519  86.8%     -   11s
     0     0    0.05519    0  148    0.41954    0.05519  86.8%     -   23s
     0     0    0.05519    0  129    0.41954    0.05519  86.8%     -   27s
     0     0    0.05519    0  127    0.41954    0.05519  86.8%     -   30s
     0     0    0.05519    0  150    0.41954    0.05519  86.8%     -   34s
     0     0    0.05519    0   80    0.41954    0.05519  86.8%     -   37s
     0     0    0.05519    0   85    0.41954    0.05519  86.8%     -   41s
     0     0    0.05519    0   86    0.41954    0.05519  86.8%     -   44s
     0     0    0.05519    0   56    0.41954    0.05519  86.8%     -   47s
     0     0    0.05519    0   96    0.41954    0.05519  86.8%     -   50s
     0     0    0.05519    0  131    0.41954    0.05519  86.8%     -   53s
     0     0    0.05519    0  143    0.41954    0.05519  86.8%     -   57s
     0     0    0.05519    0  137    0.41954    0.05519  86.8%     -   61s
     0     0    0.05519    0   82    0.41954    0.05519  86.8%     -   64s
     0     0    0.05519    0   91    0.41954    0.05519  86.8%     -   69s
     0     0    0.05519    0   60    0.41954    0.05519  86.8%     -   71s
     0     0    0.05519    0  115    0.41954    0.05519  86.8%     -   74s
     0     0    0.05519    0   96    0.41954    0.05519  86.8%     -   78s
     0     0    0.05519    0  156    0.41954    0.05519  86.8%     -   83s
     0     0    0.05519    0  157    0.41954    0.05519  86.8%     -   88s
     0     0    0.05519    0  110    0.41954    0.05519  86.8%     -   92s
     0     0    0.05519    0  110    0.41954    0.05519  86.8%     -   94s
     0     0    0.05519    0   80    0.41954    0.05519  86.8%     -   96s
     0     0    0.05519    0   93    0.41954    0.05519  86.8%     -   99s
     0     0    0.05519    0  114    0.41954    0.05519  86.8%     -  103s
     0     0    0.05519    0   83    0.41954    0.05519  86.8%     -  107s
     0     0    0.05519    0  104    0.41954    0.05519  86.8%     -  109s
     0     0    0.05519    0  119    0.41954    0.05519  86.8%     -  111s
     0     0    0.05519    0  102    0.41954    0.05519  86.8%     -  115s
     0     0    0.05519    0  124    0.41954    0.05519  86.8%     -  119s
     0     0    0.05519    0  113    0.41954    0.05519  86.8%     -  123s
     0     0    0.05519    0  146    0.41954    0.05519  86.8%     -  128s
     0     0    0.05519    0  136    0.41954    0.05519  86.8%     -  133s
     0     0    0.05519    0  109    0.41954    0.05519  86.8%     -  137s
     0     0    0.05519    0  111    0.41954    0.05519  86.8%     -  139s
     0     0    0.05519    0   92    0.41954    0.05519  86.8%     -  143s
     0     0    0.05519    0  129    0.41954    0.05519  86.8%     -  146s
     0     0    0.05519    0  107    0.41954    0.05519  86.8%     -  148s
     0     0    0.05519    0  162    0.41954    0.05519  86.8%     -  153s
     0     0    0.05519    0  154    0.41954    0.05519  86.8%     -  158s
     0     0    0.05519    0  121    0.41954    0.05519  86.8%     -  161s
     0     0    0.05519    0  152    0.41954    0.05519  86.8%     -  164s
     0     0    0.05519    0  111    0.41954    0.05519  86.8%     -  167s
     0     0    0.05519    0  151    0.41954    0.05519  86.8%     -  170s
     0     0    0.05519    0  178    0.41954    0.05519  86.8%     -  173s
     0     0    0.05519    0  154    0.41954    0.05519  86.8%     -  175s
     0     0    0.05519    0  120    0.41954    0.05519  86.8%     -  178s
     0     0    0.05519    0  170    0.41954    0.05519  86.8%     -  180s
     0     0    0.05519    0  139    0.41954    0.05519  86.8%     -  182s
     0     0    0.05519    0  114    0.41954    0.05519  86.8%     -  184s
     0     0    0.05519    0   89    0.41954    0.05519  86.8%     -  188s
     0     0    0.05519    0  116    0.41954    0.05519  86.8%     -  190s
     0     0    0.05519    0  129    0.41954    0.05519  86.8%     -  195s
     0     0    0.05519    0  107    0.41954    0.05519  86.8%     -  198s
     0     0    0.05519    0  107    0.41954    0.05519  86.8%     -  202s
     0     0    0.05519    0  110    0.41954    0.05519  86.8%     -  204s
     0     0    0.05519    0  121    0.41954    0.05519  86.8%     -  208s
     0     0    0.05519    0  162    0.41954    0.05519  86.8%     -  212s
     0     0    0.05519    0  106    0.41954    0.05519  86.8%     -  216s
     0     0    0.05519    0  112    0.41954    0.05519  86.8%     -  219s
     0     0    0.05519    0  121    0.41954    0.05519  86.8%     -  223s
     0     0    0.05519    0  105    0.41954    0.05519  86.8%     -  227s
     0     0    0.05519    0  131    0.41954    0.05519  86.8%     -  230s
     0     0    0.05519    0   93    0.41954    0.05519  86.8%     -  234s
     0     0    0.05519    0  111    0.41954    0.05519  86.8%     -  238s
     0     0    0.05519    0   68    0.41954    0.05519  86.8%     -  241s
     0     0    0.05519    0  161    0.41954    0.05519  86.8%     -  243s
     0     0    0.05519    0  119    0.41954    0.05519  86.8%     -  246s
     0     0    0.05519    0   58    0.41954    0.05519  86.8%     -  250s
     0     0    0.05519    0   90    0.41954    0.05519  86.8%     -  253s
     0     0    0.05519    0   96    0.41954    0.05519  86.8%     -  257s
     0     0    0.05519    0   76    0.41954    0.05519  86.8%     -  261s
     0     0    0.05519    0   92    0.41954    0.05519  86.8%     -  263s
     0     0    0.05519    0  102    0.41954    0.05519  86.8%     -  265s
     0     0    0.05519    0  133    0.41954    0.05519  86.8%     -  269s
     0     0    0.05519    0  136    0.41954    0.05519  86.8%     -  273s
     0     0    0.05519    0   97    0.41954    0.05519  86.8%     -  275s
     0     0    0.05519    0   75    0.41954    0.05519  86.8%     -  277s
     0     0    0.05519    0  104    0.41954    0.05519  86.8%     -  280s
     0     0    0.05519    0  114    0.41954    0.05519  86.8%     -  283s
     0     0    0.05519    0   94    0.41954    0.05519  86.8%     -  286s
     0     0    0.05519    0  130    0.41954    0.05519  86.8%     -  289s
     0     0    0.05519    0  165    0.41954    0.05519  86.8%     -  292s
     0     0    0.05519    0  120    0.41954    0.05519  86.8%     -  297s
     0     0    0.05519    0   82    0.41954    0.05519  86.8%     -  300s
     0     0    0.05519    0  120    0.41954    0.05519  86.8%     -  302s
     0     0    0.05519    0  151    0.41954    0.05519  86.8%     -  305s
     0     0    0.05519    0  109    0.41954    0.05519  86.8%     -  310s
     0     0    0.05519    0  122    0.41954    0.05519  86.8%     -  314s
     0     0    0.05519    0   55    0.41954    0.05519  86.8%     -  317s
     0     0    0.05519    0  138    0.41954    0.05519  86.8%     -  320s
     0     0    0.05519    0  112    0.41954    0.05519  86.8%     -  324s
     0     0    0.05519    0  108    0.41954    0.05519  86.8%     -  327s
     0     0    0.05519    0  122    0.41954    0.05519  86.8%     -  334s
     0     0    0.05519    0  132    0.41954    0.05519  86.8%     -  341s
     0     0    0.05519    0  107    0.41954    0.05519  86.8%     -  345s
     0     0    0.05519    0  136    0.41954    0.05519  86.8%     -  348s
     0     0    0.05519    0  164    0.41954    0.05519  86.8%     -  350s
     0     0    0.05519    0   92    0.41954    0.05519  86.8%     -  353s
     0     0    0.05519    0   85    0.41954    0.05519  86.8%     -  356s
H    0     0                       0.3949686    0.05519  86.0%     -  358s
     0     2    0.05519    0   85    0.39497    0.05519  86.0%     -  360s
     3     8    0.05519    2  314    0.39497    0.05519  86.0%  3928  376s
     7    14    0.05519    3  369    0.39497    0.05519  86.0%  6875  386s
    13    20    0.05519    4  294    0.39497    0.05519  86.0%  9469  401s
    19    26    0.05519    4  383    0.39497    0.05519  86.0% 12476  440s
    25    32    0.05519    5  332    0.39497    0.05519  86.0% 14896  454s
    31    39    0.05519    6  331    0.39497    0.05519  86.0% 14252  467s
    38    48    0.05519    7  332    0.39497    0.05519  86.0% 13910  473s
    47    69    0.05519    9  332    0.39497    0.05519  86.0% 12237  496s
    68   150    0.14923   13  214    0.39497    0.05519  86.0% 11695  537s
   151   309    0.15301   34  220    0.39497    0.05519  86.0%  8017  583s
   345   367    0.23313   76  165    0.39497    0.05519  86.0%  4896  632s
H  385   367                       0.3949686    0.05519  86.0%  4706  632s
   416   483    0.05519    9  378    0.39497    0.05519  86.0%  4937  685s
   572   567    0.12719   12  299    0.39497    0.05519  86.0%  4299  745s
H  655   567                       0.3949686    0.05519  86.0%  4156  745s
   698   708    0.10654   12  255    0.39497    0.05519  86.0%  4076  793s
H  861   660                       0.3466155    0.05519  84.1%  3742  809s
   862   660    0.22116   50   85    0.34662    0.05519  84.1%  3737  842s
   864   661    0.10668   17  211    0.34662    0.05519  84.1%  3729  884s
   865   662    0.05519    8  173    0.34662    0.05519  84.1%  3725 1170s
   867   663    0.16291   48  172    0.34662    0.05519  84.1%  3716 1208s
   868   664    0.16303   32  234    0.34662    0.05519  84.1%  3712 1212s
   869   665    0.19506   40  189    0.34662    0.05519  84.1%  3707 1242s
   871   666    0.27132  117  191    0.34662    0.05519  84.1%  3699 1275s
   872   667    0.05519    9  359    0.34662    0.05519  84.1%  3695 1293s
   873   667    0.31300   29  244    0.34662    0.05519  84.1%  3690 1602s
   874   668    0.34605   60  514    0.34662    0.05519  84.1%  3686 1614s
   875   669    0.10668   23  203    0.34662    0.05519  84.1%  3682 1747s
   876   669    0.11846   14  234    0.34662    0.05519  84.1%  3678 1750s
   877   670    0.05519    5  189    0.34662    0.05519  84.1%  3674 1778s
   878   671    0.26774   36  439    0.34662    0.05519  84.1%  3669 1787s
   879   671    0.22515   15  264    0.34662    0.05519  84.1%  3665 2011s
   880   672    0.05519    5  147    0.34662    0.05519  84.1%  3661 2043s
   881   673    0.10654   16  181    0.34662    0.05519  84.1%  3657 2114s
   882   673    0.33984   46  230    0.34662    0.05519  84.1%  3653 2144s
   883   674    0.09839   17  229    0.34662    0.05519  84.1%  3649 2181s
   884   675    0.05519   10  343    0.34662    0.05519  84.1%  3644 2198s
   885   675    0.16136   26  233    0.34662    0.05519  84.1%  3640 2301s
   886   676    0.25216  103  203    0.34662    0.05519  84.1%  3636 2323s
   887   677    0.17069   56  181    0.34662    0.05519  84.1%  3632 2354s
   888   677    0.19506   36  196    0.34662    0.05519  84.1%  3628 2376s
   889   678    0.20783   22  201    0.34662    0.05519  84.1%  3624 2409s
   890   679    0.19506   38  229    0.34662    0.05519  84.1%  3620 2436s
   891   679    0.15539   39  318    0.34662    0.05519  84.1%  3616 2464s
   892   680    0.16154   31  186    0.34662    0.05519  84.1%  3612 2505s
   893   681    0.29576   43  190    0.34662    0.05519  84.1%  3608 2532s
   894   681    0.17934   65  235    0.34662    0.05519  84.1%  3604 2556s
   895   682    0.05519    9  274    0.34662    0.05519  84.1%  3600 2581s
   896   683    0.24456   99  197    0.34662    0.05519  84.1%  3596 2614s
   897   683    0.05519   16  234    0.34662    0.05519  84.1%  3592 2646s
   898   684    0.23904   44  187    0.34662    0.05519  84.1%  3588 2683s
   899   685    0.21851   32  241    0.34662    0.05519  84.1%  3584 2731s
   900   685    0.14833   22  304    0.34662    0.05519  84.1%  3580 3024s
   901   686    0.15005   32  207    0.34662    0.05519  84.1%  3576 3402s
   902   687    0.24407   22  255    0.34662    0.05519  84.1%  3572 3618s
   903   687    0.11611   17  245    0.34662    0.05519  84.1%  3568 3764s
   904   688    0.22434   48  234    0.34662    0.05519  84.1%  3564 3865s
   905   689    0.24377   21  210    0.34662    0.05519  84.1%  3560 4064s
   906   689    0.23033   87  284    0.34662    0.05519  84.1%  3556 4334s
   907   690    0.29231   24  330    0.34662    0.05519  84.1%  3552 4568s
   908   691    0.05519    6  164    0.34662    0.05519  84.1%  3548 5029s
   909   691    0.23904   44  556    0.34662    0.05519  84.1%  3544 5093s
   910   692    0.05519    9  388    0.34662    0.05519  84.1%  3540 5538s
   911   693    0.05519    9  321    0.34662    0.05519  84.1%  3536 5830s
   912   693    0.14833   22  517    0.34662    0.05519  84.1%  3533 5962s
   913   694    0.05519   15  512    0.34662    0.05519  84.1%  3529 6019s
   914   695    0.10654   15  568    0.34662    0.05519  84.1%  3525 6839s
   915   695    0.10366   17  672    0.34662    0.05525  84.1%  3521 7864s
   916   696    0.26193   23  256    0.34662    0.05525  84.1%  3517 8072s
   917   697    0.30455   46  537    0.34662    0.05525  84.1%  3513 8603s
   918   697    0.25163   31  260    0.34662    0.05525  84.1%  3509 9001s
   919   698    0.23030   83  361    0.34662    0.05525  84.1%  3506 9188s
   920   699    0.15445   38  401    0.34662    0.05525  84.1%  3502 9345s
   921   699    0.05525    9  558    0.34662    0.05525  84.1%  3498 9466s
   922   700    0.34599   76  664    0.34662    0.05549  84.0%  3494 10517s
   923   701    0.30242   80  583    0.34662    0.05549  84.0%  3490 10663s
   924   701    0.10656   15  654    0.34662    0.05549  84.0%  3487 11186s
   925   702    0.15976   27  607    0.34662    0.05549  84.0%  3483 11261s
   926   703    0.20783   22  620    0.34662    0.05549  84.0%  3479 11364s
   927   703    0.17118   61  617    0.34662    0.05549  84.0%  3475 11572s
   928   704    0.09787   12  711    0.34662    0.05549  84.0%  3472 11781s
   929   705    0.23015   78  622    0.34662    0.05574  83.9%  3468 12123s
   930   705    0.05574    6  600    0.34662    0.05574  83.9%  3464 12281s
   931   706    0.22395   60  699    0.34662    0.05574  83.9%  3460 12436s
   932   707    0.10366   17  592    0.34662    0.05574  83.9%  3457 12745s
   933   707    0.17118   61  681    0.34662    0.05574  83.9%  3453 12887s
   934   708    0.10418   18  598    0.34662    0.05574  83.9%  3449 13065s
   935   709    0.10704   31  686    0.34662    0.05574  83.9%  3446 13384s
   936   709    0.25367   35  656    0.34662    0.05574  83.9%  3442 13509s
   937   710    0.27109  114  714    0.34662    0.05574  83.9%  3438 13592s
   938   711    0.05574   10  711    0.34662    0.05574  83.9%  3435 13861s
   939   711    0.05574    6  708    0.34662    0.05574  83.9%  3431 13971s
   940   712    0.11043   29  694    0.34662    0.05574  83.9%  3427 14089s
   941   713    0.31945   27  690    0.34662    0.05574  83.9%  3424 14193s
   942   713    0.05574   15  657    0.34662    0.05574  83.9%  3420 14286s

Cutting planes:
  Implied bound: 69
  Projected implied bound: 63
  Clique: 7
  MIR: 441
  Flow cover: 1355
  Zero half: 10
  RLT: 150
  Relax-and-lift: 171

Explored 942 nodes (10183997 simplex iterations) in 14400.13 seconds
Thread count was 6 (of 16 available processors)

Solution count 5: 0.346616 0.346616 0.394969 ... 0.419536

Time limit reached
Best objective 3.466155375458e-01, best bound 5.573900774875e-02, gap 83.9191%

User-callback calls 96305, time in user-callback 0.18 sec

uego = 
<gurobi.tuplelist (6 tuples, 3 values each):
 ( 101  , 1 , 1  )
 ( 2121 , 2 , 4  )
 ( 101  , 3 , 2  )
 ( 101  , 4 , 9  )
 ( 1717 , 5 , 6  )
 ( 101  , 6 , 10 )

zegeg =
<gurobi.tuplelist (100 tuples, 3 values each):
 ( 101  , 202  , 1 )
 ( 202  , 303  , 1 )
 ( 303  , 404  , 1 )
 ( 404  , 505  , 1 )
 ( 505  , 606  , 1 )
 ( 606  , 707  , 1 )
 ( 202  , 101  , 2 )
 ( 303  , 202  , 2 )
 ( 404  , 303  , 2 )
 ( 505  , 404  , 2 )
 ( 606  , 505  , 2 )
 ( 707  , 606  , 2 )
 ( 808  , 707  , 2 )
 ( 909  , 808  , 2 )
 ( 1010 , 909  , 2 )
 ( 1111 , 1010 , 2 )
 ( 1212 , 1111 , 2 )
 ( 1313 , 1212 , 2 )
 ( 1414 , 1313 , 2 )
 ( 1515 , 1414 , 2 )
 ( 1616 , 1515 , 2 )
 ( 1717 , 1616 , 2 )
 ( 1818 , 1717 , 2 )
 ( 1919 , 1818 , 2 )
 ( 2020 , 1919 , 2 )
 ( 2121 , 2020 , 2 )
 ( 101  , 202  , 3 )
 ( 202  , 314  , 3 )
 ( 303  , 404  , 3 )
 ( 314  , 1515 , 3 )
 ( 404  , 505  , 3 )
 ( 505  , 606  , 3 )
 ( 606  , 707  , 3 )
 ( 707  , 808  , 3 )
 ( 808  , 909  , 3 )
 ( 909  , 1010 , 3 )
 ( 1010 , 1111 , 3 )
 ( 1111 , 1212 , 3 )
 ( 1212 , 1313 , 3 )
 ( 1515 , 303  , 3 )
 ( 101  , 202  , 4 )
 ( 202  , 303  , 4 )
 ( 303  , 404  , 4 )
 ( 404  , 505  , 4 )
 ( 505  , 606  , 4 )
 ( 606  , 707  , 4 )
 ( 707  , 808  , 4 )
 ( 808  , 909  , 4 )
 ( 909  , 1010 , 4 )
 ( 1010 , 1111 , 4 )
 ( 1111 , 1212 , 4 )
 ( 1212 , 1313 , 4 )
 ( 1313 , 1414 , 4 )
 ( 1414 , 1515 , 4 )
 ( 1515 , 1616 , 4 )
 ( 1616 , 1721 , 4 )
 ( 1717 , 1818 , 4 )
 ( 1721 , 1717 , 4 )
 ( 1818 , 1919 , 4 )
 ( 1919 , 2020 , 4 )
 ( 2020 , 1822 , 4 )
 ( 101  , 202  , 5 )
 ( 202  , 303  , 5 )
 ( 303  , 404  , 5 )
 ( 404  , 505  , 5 )
 ( 505  , 606  , 5 )
 ( 606  , 707  , 5 )
 ( 707  , 808  , 5 )
 ( 808  , 909  , 5 )
 ( 1010 , 101  , 5 )
 ( 1111 , 1010 , 5 )
 ( 1212 , 1111 , 5 )
 ( 1313 , 1212 , 5 )
 ( 1414 , 1313 , 5 )
 ( 1515 , 1414 , 5 )
 ( 1616 , 1515 , 5 )
 ( 1717 , 1818 , 5 )
 ( 1818 , 1616 , 5 )
 ( 101  , 303  , 6 )
 ( 303  , 320  , 6 )
 ( 320  , 2121 , 6 )
 ( 404  , 202  , 6 )
 ( 505  , 404  , 6 )
 ( 606  , 505  , 6 )
 ( 707  , 606  , 6 )
 ( 808  , 707  , 6 )
 ( 909  , 808  , 6 )
 ( 1010 , 909  , 6 )
 ( 1111 , 1010 , 6 )
 ( 1212 , 1323 , 6 )
 ( 1222 , 1111 , 6 )
 ( 1313 , 1212 , 6 )
 ( 1323 , 1222 , 6 )
 ( 1414 , 1313 , 6 )
 ( 1515 , 1414 , 6 )
 ( 1616 , 1515 , 6 )
 ( 1717 , 1616 , 6 )
 ( 1818 , 1717 , 6 )
 ( 1919 , 1818 , 6 )
 ( 2121 , 1919 , 6 )

vego = 
<gurobi.tuplelist (6 tuples, 3 values each):
 ( 707  , 1 , 3  )
 ( 101  , 2 , 8  )
 ( 1313 , 3 , 5  )
 ( 1822 , 4 , 11 )
 ( 909  , 5 , 7  )
 ( 202  , 6 , 12 )

gammago =
<gurobi.tuplelist (14 tuples, 2 values each):
 ( 1 , 1  )
 ( 1 , 2  )
 ( 2 , 4  )
 ( 2 , 5  )
 ( 2 , 6  )
 ( 2 , 7  )
 ( 3 , 2  )
 ( 3 , 3  )
 ( 3 , 4  )
 ( 4 , 9  )
 ( 4 , 10 )
 ( 5 , 6  )
 ( 6 , 10 )
 ( 6 , 11 )